(kicad_pcb (version 20171130) (host pcbnew 5.1.10-88a1d61d58~88~ubuntu20.04.1)

  (general
    (thickness 1.6)
    (drawings 12)
    (tracks 313)
    (zones 0)
    (modules 89)
    (nets 188)
  )

  (page A4)
  (layers
    (0 F.Cu signal)
    (31 B.Cu signal)
    (32 B.Adhes user)
    (33 F.Adhes user)
    (34 B.Paste user)
    (35 F.Paste user)
    (36 B.SilkS user)
    (37 F.SilkS user)
    (38 B.Mask user)
    (39 F.Mask user)
    (40 Dwgs.User user)
    (41 Cmts.User user)
    (42 Eco1.User user)
    (43 Eco2.User user)
    (44 Edge.Cuts user)
    (45 Margin user)
    (46 B.CrtYd user)
    (47 F.CrtYd user)
    (48 B.Fab user hide)
    (49 F.Fab user hide)
  )

  (setup
    (last_trace_width 0.25)
    (user_trace_width 0.3)
    (user_trace_width 0.5)
    (user_trace_width 1)
    (user_trace_width 2)
    (trace_clearance 0.2)
    (zone_clearance 0.2)
    (zone_45_only no)
    (trace_min 0.15)
    (via_size 0.8)
    (via_drill 0.4)
    (via_min_size 0.4)
    (via_min_drill 0.3)
    (user_via 0.6 0.3)
    (user_via 0.8 0.5)
    (user_via 1 0.7)
    (uvia_size 0.3)
    (uvia_drill 0.1)
    (uvias_allowed no)
    (uvia_min_size 0.2)
    (uvia_min_drill 0.1)
    (edge_width 0.05)
    (segment_width 0.2)
    (pcb_text_width 0.3)
    (pcb_text_size 1.5 1.5)
    (mod_edge_width 0.12)
    (mod_text_size 1 1)
    (mod_text_width 0.15)
    (pad_size 1.524 1.524)
    (pad_drill 0.762)
    (pad_to_mask_clearance 0)
    (aux_axis_origin 0 0)
    (visible_elements FFFFFF7F)
    (pcbplotparams
      (layerselection 0x010fc_ffffffff)
      (usegerberextensions false)
      (usegerberattributes true)
      (usegerberadvancedattributes true)
      (creategerberjobfile true)
      (excludeedgelayer true)
      (linewidth 0.100000)
      (plotframeref false)
      (viasonmask false)
      (mode 1)
      (useauxorigin false)
      (hpglpennumber 1)
      (hpglpenspeed 20)
      (hpglpendiameter 15.000000)
      (psnegative false)
      (psa4output false)
      (plotreference true)
      (plotvalue true)
      (plotinvisibletext false)
      (padsonsilk false)
      (subtractmaskfromsilk false)
      (outputformat 1)
      (mirror false)
      (drillshape 1)
      (scaleselection 1)
      (outputdirectory ""))
  )

  (net 0 "")
  (net 1 "Net-(C1-Pad1)")
  (net 2 GND)
  (net 3 "Net-(C2-Pad1)")
  (net 4 +24V)
  (net 5 +3V3)
  (net 6 "Net-(C11-Pad1)")
  (net 7 /mcu/OscIn)
  (net 8 /mcu/OscOut)
  (net 9 +3.3VA)
  (net 10 +5V)
  (net 11 "Net-(D1-Pad2)")
  (net 12 "Net-(D9-Pad2)")
  (net 13 "Net-(D10-Pad2)")
  (net 14 "Net-(D11-Pad2)")
  (net 15 /power/Field24V)
  (net 16 /power/FieldGND)
  (net 17 VBUS)
  (net 18 "Net-(FB1-Pad1)")
  (net 19 /interface/USB_CC1)
  (net 20 /interface/USB_D+)
  (net 21 /interface/USB_D-)
  (net 22 "Net-(J1-PadA8)")
  (net 23 "Net-(J1-PadB8)")
  (net 24 /interface/USB_CC2)
  (net 25 "Net-(J1-PadS1)")
  (net 26 "Net-(J2-Pad1)")
  (net 27 "Net-(J2-Pad2)")
  (net 28 /mcu/dbg_SWDIO)
  (net 29 /mcu/dbg_SWCLK)
  (net 30 /mcu/dbg_SWO)
  (net 31 "Net-(J2-Pad9)")
  (net 32 "Net-(J2-Pad10)")
  (net 33 "Net-(J2-Pad11)")
  (net 34 /mcu/nReset)
  (net 35 /mcu/dbg_UART_Rx)
  (net 36 /mcu/dbg_UART_Tx)
  (net 37 "Net-(JP1-Pad1)")
  (net 38 "Net-(JP2-Pad1)")
  (net 39 "Net-(LD1-Pad1)")
  (net 40 "Net-(LD1-Pad2)")
  (net 41 "Net-(LD1-Pad3)")
  (net 42 "Net-(LD1-Pad4)")
  (net 43 "Net-(LD1-Pad5)")
  (net 44 "Net-(LD1-Pad6)")
  (net 45 "Net-(LD1-Pad7)")
  (net 46 "Net-(LD1-Pad8)")
  (net 47 "Net-(LD1-Pad9)")
  (net 48 "Net-(LD1-Pad10)")
  (net 49 /mcu/Dig2)
  (net 50 /mcu/Dig1)
  (net 51 "Net-(Q3-Pad1)")
  (net 52 "Net-(Q3-Pad2)")
  (net 53 "Net-(Q3-Pad6)")
  (net 54 /mcu/Heartbeat)
  (net 55 /mcu/UserLED)
  (net 56 /mcu/SegD)
  (net 57 /mcu/SegA)
  (net 58 /mcu/SegC)
  (net 59 /mcu/SegB)
  (net 60 /mcu/SegF)
  (net 61 /mcu/SegG)
  (net 62 /mcu/SegE)
  (net 63 /mcu/SegDP)
  (net 64 /mcu/Sw0)
  (net 65 /mcu/Sw1)
  (net 66 /mcu/Sw2)
  (net 67 /mcu/Sw3)
  (net 68 /mcu/Sw4)
  (net 69 /mcu/Sw5)
  (net 70 /mcu/Sw6)
  (net 71 /mcu/Sw7)
  (net 72 /mcu/Boot0)
  (net 73 /mcu/UserBtn)
  (net 74 /power/PG5V)
  (net 75 /power/PG3V3)
  (net 76 "Net-(U2-Pad4)")
  (net 77 /interface/CAN_Tx)
  (net 78 /interface/CAN_Rx)
  (net 79 "Net-(U5-Pad1)")
  (net 80 "Net-(U5-Pad2)")
  (net 81 "Net-(U5-Pad3)")
  (net 82 "Net-(U5-Pad4)")
  (net 83 "Net-(U5-Pad5)")
  (net 84 "Net-(U5-Pad7)")
  (net 85 "Net-(U5-Pad8)")
  (net 86 "Net-(U5-Pad9)")
  (net 87 "Net-(U5-Pad10)")
  (net 88 "Net-(U5-Pad11)")
  (net 89 "Net-(U5-Pad25)")
  (net 90 /mcu/ext_SPI_nSS)
  (net 91 /mcu/ext_SPI_SCK)
  (net 92 /mcu/ext_SPI_MISO)
  (net 93 /mcu/ext_SPI_MOSI)
  (net 94 /mcu/ext_UART_Tx)
  (net 95 /mcu/ext_UART_Rx)
  (net 96 "Net-(U5-Pad32)")
  (net 97 "Net-(U5-Pad33)")
  (net 98 "Net-(U5-Pad34)")
  (net 99 "Net-(U5-Pad36)")
  (net 100 "Net-(U5-Pad38)")
  (net 101 "Net-(U5-Pad39)")
  (net 102 "Net-(U5-Pad40)")
  (net 103 "Net-(U5-Pad41)")
  (net 104 "Net-(U5-Pad42)")
  (net 105 "Net-(U5-Pad43)")
  (net 106 "Net-(U5-Pad44)")
  (net 107 "Net-(U5-Pad45)")
  (net 108 "Net-(U5-Pad46)")
  (net 109 "Net-(U5-Pad47)")
  (net 110 "Net-(U5-Pad50)")
  (net 111 /mcu/ext_CAN_Tx)
  (net 112 /mcu/ext_CAN_Rx)
  (net 113 "Net-(U5-Pad65)")
  (net 114 "Net-(U5-Pad66)")
  (net 115 "Net-(U5-Pad67)")
  (net 116 "Net-(U5-Pad68)")
  (net 117 /mcu/ClkOut)
  (net 118 "Net-(U5-Pad84)")
  (net 119 "Net-(U5-Pad85)")
  (net 120 "Net-(U5-Pad86)")
  (net 121 "Net-(U5-Pad89)")
  (net 122 "Net-(U5-Pad92)")
  (net 123 "Net-(U5-Pad96)")
  (net 124 "Net-(U5-Pad97)")
  (net 125 "Net-(U5-Pad98)")
  (net 126 "Net-(J3-Pad1)")
  (net 127 "Net-(J3-Pad8)")
  (net 128 /interface/SD_nSS)
  (net 129 /interface/SD_MOSI)
  (net 130 /interface/SD_SCK)
  (net 131 /interface/SD_MISO)
  (net 132 "Net-(J3-Pad10)")
  (net 133 "Net-(J3-Pad9)")
  (net 134 /interface/CANH)
  (net 135 /interface/CANL)
  (net 136 "Net-(J4-PadSH)")
  (net 137 /interface/RX-)
  (net 138 /interface/TX-)
  (net 139 /interface/RX+)
  (net 140 /interface/TX+)
  (net 141 "Net-(J8-Pad1)")
  (net 142 "Net-(J8-Pad3)")
  (net 143 "Net-(J8-Pad5)")
  (net 144 "Net-(J8-Pad7)")
  (net 145 "Net-(J8-Pad9)")
  (net 146 "Net-(J8-Pad11)")
  (net 147 "Net-(J8-Pad13)")
  (net 148 "Net-(J8-Pad15)")
  (net 149 "Net-(J8-Pad17)")
  (net 150 "Net-(J8-Pad19)")
  (net 151 "Net-(J8-Pad21)")
  (net 152 "Net-(J8-Pad23)")
  (net 153 "Net-(J8-Pad25)")
  (net 154 "Net-(J8-Pad2)")
  (net 155 "Net-(J8-Pad4)")
  (net 156 "Net-(J8-Pad6)")
  (net 157 "Net-(J8-Pad8)")
  (net 158 "Net-(J8-Pad10)")
  (net 159 "Net-(J8-Pad12)")
  (net 160 "Net-(J8-Pad14)")
  (net 161 "Net-(J8-Pad16)")
  (net 162 "Net-(J8-Pad18)")
  (net 163 "Net-(J8-Pad20)")
  (net 164 "Net-(J8-Pad22)")
  (net 165 "Net-(J8-Pad24)")
  (net 166 "Net-(J8-Pad26)")
  (net 167 "Net-(J8-PadMP)")
  (net 168 /power/COMP1)
  (net 169 /power/COMP2)
  (net 170 /power/SS1)
  (net 171 /power/SS2)
  (net 172 /power/VCC1)
  (net 173 /power/VCC2)
  (net 174 /power/LX1)
  (net 175 /power/LX2)
  (net 176 /power/UVLO)
  (net 177 /power/FB1)
  (net 178 /power/FB2)
  (net 179 /power/FSEL)
  (net 180 /power/MODE2)
  (net 181 /power/SYNC)
  (net 182 /power/MODE1)
  (net 183 /power/LDO_IN)
  (net 184 /power/LDO_OUT)
  (net 185 "Net-(D2-Pad1)")
  (net 186 "Net-(J4-Pad4)")
  (net 187 "Net-(J4-Pad5)")

  (net_class Default "This is the default net class."
    (clearance 0.2)
    (trace_width 0.25)
    (via_dia 0.8)
    (via_drill 0.4)
    (uvia_dia 0.3)
    (uvia_drill 0.1)
    (add_net +3.3VA)
    (add_net /interface/CANH)
    (add_net /interface/CANL)
    (add_net /interface/CAN_Rx)
    (add_net /interface/CAN_Tx)
    (add_net /interface/RX+)
    (add_net /interface/RX-)
    (add_net /interface/SD_MISO)
    (add_net /interface/SD_MOSI)
    (add_net /interface/SD_SCK)
    (add_net /interface/SD_nSS)
    (add_net /interface/TX+)
    (add_net /interface/TX-)
    (add_net /interface/USB_CC1)
    (add_net /interface/USB_CC2)
    (add_net /interface/USB_D+)
    (add_net /interface/USB_D-)
    (add_net /mcu/Boot0)
    (add_net /mcu/ClkOut)
    (add_net /mcu/Dig1)
    (add_net /mcu/Dig2)
    (add_net /mcu/Heartbeat)
    (add_net /mcu/OscIn)
    (add_net /mcu/OscOut)
    (add_net /mcu/SegA)
    (add_net /mcu/SegB)
    (add_net /mcu/SegC)
    (add_net /mcu/SegD)
    (add_net /mcu/SegDP)
    (add_net /mcu/SegE)
    (add_net /mcu/SegF)
    (add_net /mcu/SegG)
    (add_net /mcu/Sw0)
    (add_net /mcu/Sw1)
    (add_net /mcu/Sw2)
    (add_net /mcu/Sw3)
    (add_net /mcu/Sw4)
    (add_net /mcu/Sw5)
    (add_net /mcu/Sw6)
    (add_net /mcu/Sw7)
    (add_net /mcu/UserBtn)
    (add_net /mcu/UserLED)
    (add_net /mcu/dbg_SWCLK)
    (add_net /mcu/dbg_SWDIO)
    (add_net /mcu/dbg_SWO)
    (add_net /mcu/dbg_UART_Rx)
    (add_net /mcu/dbg_UART_Tx)
    (add_net /mcu/ext_CAN_Rx)
    (add_net /mcu/ext_CAN_Tx)
    (add_net /mcu/ext_SPI_MISO)
    (add_net /mcu/ext_SPI_MOSI)
    (add_net /mcu/ext_SPI_SCK)
    (add_net /mcu/ext_SPI_nSS)
    (add_net /mcu/ext_UART_Rx)
    (add_net /mcu/ext_UART_Tx)
    (add_net /mcu/nReset)
    (add_net /power/COMP1)
    (add_net /power/COMP2)
    (add_net /power/FB1)
    (add_net /power/FB2)
    (add_net /power/FSEL)
    (add_net /power/Field24V)
    (add_net /power/FieldGND)
    (add_net /power/LDO_IN)
    (add_net /power/LDO_OUT)
    (add_net /power/MODE1)
    (add_net /power/MODE2)
    (add_net /power/PG3V3)
    (add_net /power/PG5V)
    (add_net /power/SS1)
    (add_net /power/SS2)
    (add_net /power/SYNC)
    (add_net /power/UVLO)
    (add_net /power/VCC1)
    (add_net /power/VCC2)
    (add_net GND)
    (add_net "Net-(C1-Pad1)")
    (add_net "Net-(C11-Pad1)")
    (add_net "Net-(C2-Pad1)")
    (add_net "Net-(D1-Pad2)")
    (add_net "Net-(D10-Pad2)")
    (add_net "Net-(D11-Pad2)")
    (add_net "Net-(D2-Pad1)")
    (add_net "Net-(D9-Pad2)")
    (add_net "Net-(FB1-Pad1)")
    (add_net "Net-(J1-PadA8)")
    (add_net "Net-(J1-PadB8)")
    (add_net "Net-(J1-PadS1)")
    (add_net "Net-(J2-Pad1)")
    (add_net "Net-(J2-Pad10)")
    (add_net "Net-(J2-Pad11)")
    (add_net "Net-(J2-Pad2)")
    (add_net "Net-(J2-Pad9)")
    (add_net "Net-(J3-Pad1)")
    (add_net "Net-(J3-Pad10)")
    (add_net "Net-(J3-Pad8)")
    (add_net "Net-(J3-Pad9)")
    (add_net "Net-(J4-Pad4)")
    (add_net "Net-(J4-Pad5)")
    (add_net "Net-(J4-PadSH)")
    (add_net "Net-(J8-Pad1)")
    (add_net "Net-(J8-Pad10)")
    (add_net "Net-(J8-Pad11)")
    (add_net "Net-(J8-Pad12)")
    (add_net "Net-(J8-Pad13)")
    (add_net "Net-(J8-Pad14)")
    (add_net "Net-(J8-Pad15)")
    (add_net "Net-(J8-Pad16)")
    (add_net "Net-(J8-Pad17)")
    (add_net "Net-(J8-Pad18)")
    (add_net "Net-(J8-Pad19)")
    (add_net "Net-(J8-Pad2)")
    (add_net "Net-(J8-Pad20)")
    (add_net "Net-(J8-Pad21)")
    (add_net "Net-(J8-Pad22)")
    (add_net "Net-(J8-Pad23)")
    (add_net "Net-(J8-Pad24)")
    (add_net "Net-(J8-Pad25)")
    (add_net "Net-(J8-Pad26)")
    (add_net "Net-(J8-Pad3)")
    (add_net "Net-(J8-Pad4)")
    (add_net "Net-(J8-Pad5)")
    (add_net "Net-(J8-Pad6)")
    (add_net "Net-(J8-Pad7)")
    (add_net "Net-(J8-Pad8)")
    (add_net "Net-(J8-Pad9)")
    (add_net "Net-(J8-PadMP)")
    (add_net "Net-(JP1-Pad1)")
    (add_net "Net-(JP2-Pad1)")
    (add_net "Net-(LD1-Pad1)")
    (add_net "Net-(LD1-Pad10)")
    (add_net "Net-(LD1-Pad2)")
    (add_net "Net-(LD1-Pad3)")
    (add_net "Net-(LD1-Pad4)")
    (add_net "Net-(LD1-Pad5)")
    (add_net "Net-(LD1-Pad6)")
    (add_net "Net-(LD1-Pad7)")
    (add_net "Net-(LD1-Pad8)")
    (add_net "Net-(LD1-Pad9)")
    (add_net "Net-(Q3-Pad1)")
    (add_net "Net-(Q3-Pad2)")
    (add_net "Net-(Q3-Pad6)")
    (add_net "Net-(U2-Pad4)")
    (add_net "Net-(U5-Pad1)")
    (add_net "Net-(U5-Pad10)")
    (add_net "Net-(U5-Pad11)")
    (add_net "Net-(U5-Pad2)")
    (add_net "Net-(U5-Pad25)")
    (add_net "Net-(U5-Pad3)")
    (add_net "Net-(U5-Pad32)")
    (add_net "Net-(U5-Pad33)")
    (add_net "Net-(U5-Pad34)")
    (add_net "Net-(U5-Pad36)")
    (add_net "Net-(U5-Pad38)")
    (add_net "Net-(U5-Pad39)")
    (add_net "Net-(U5-Pad4)")
    (add_net "Net-(U5-Pad40)")
    (add_net "Net-(U5-Pad41)")
    (add_net "Net-(U5-Pad42)")
    (add_net "Net-(U5-Pad43)")
    (add_net "Net-(U5-Pad44)")
    (add_net "Net-(U5-Pad45)")
    (add_net "Net-(U5-Pad46)")
    (add_net "Net-(U5-Pad47)")
    (add_net "Net-(U5-Pad5)")
    (add_net "Net-(U5-Pad50)")
    (add_net "Net-(U5-Pad65)")
    (add_net "Net-(U5-Pad66)")
    (add_net "Net-(U5-Pad67)")
    (add_net "Net-(U5-Pad68)")
    (add_net "Net-(U5-Pad7)")
    (add_net "Net-(U5-Pad8)")
    (add_net "Net-(U5-Pad84)")
    (add_net "Net-(U5-Pad85)")
    (add_net "Net-(U5-Pad86)")
    (add_net "Net-(U5-Pad89)")
    (add_net "Net-(U5-Pad9)")
    (add_net "Net-(U5-Pad92)")
    (add_net "Net-(U5-Pad96)")
    (add_net "Net-(U5-Pad97)")
    (add_net "Net-(U5-Pad98)")
  )

  (net_class LX ""
    (clearance 0.2)
    (trace_width 0.25)
    (via_dia 0.8)
    (via_drill 0.4)
    (uvia_dia 0.3)
    (uvia_drill 0.1)
    (add_net /power/LX1)
    (add_net /power/LX2)
  )

  (net_class Power ""
    (clearance 0.2)
    (trace_width 1)
    (via_dia 0.8)
    (via_drill 0.4)
    (uvia_dia 0.3)
    (uvia_drill 0.1)
    (add_net +24V)
    (add_net +3V3)
    (add_net +5V)
    (add_net VBUS)
  )

  (module Connector_RJ:RJ45_Amphenol_RJHSE5380 (layer F.Cu) (tedit 5DC08C43) (tstamp 61239792)
    (at 58.42 125.476)
    (descr "Shielded, https://www.amphenolcanada.com/ProductSearch/drawings/AC/RJHSE538X.pdf")
    (tags "RJ45 8p8c ethernet cat5")
    (path /611925EA/6127DBBD)
    (fp_text reference J5 (at 6.096 -2.54) (layer F.SilkS)
      (effects (font (size 1 1) (thickness 0.15)))
    )
    (fp_text value RJHSE5380 (at 3.56 9.5) (layer F.Fab)
      (effects (font (size 1 1) (thickness 0.15)))
    )
    (fp_line (start -5.5 -1.2) (end -5 -0.7) (layer F.SilkS) (width 0.12))
    (fp_line (start -5.5 -0.2) (end -5.5 -1.2) (layer F.SilkS) (width 0.12))
    (fp_line (start -5 -0.7) (end -5.5 -0.2) (layer F.SilkS) (width 0.12))
    (fp_line (start 13.34 -8.5) (end 13.34 8.25) (layer F.CrtYd) (width 0.05))
    (fp_line (start -6.22 8.25) (end 13.34 8.25) (layer F.CrtYd) (width 0.05))
    (fp_line (start -6.22 -8.5) (end -6.22 8.25) (layer F.CrtYd) (width 0.05))
    (fp_line (start -6.22 -8.5) (end 13.34 -8.5) (layer F.CrtYd) (width 0.05))
    (fp_line (start -4.695 -7) (end -3.695 -8) (layer F.Fab) (width 0.1))
    (fp_line (start 11.925 7.86) (end 11.925 2.3) (layer F.SilkS) (width 0.12))
    (fp_line (start -4.805 7.86) (end -4.805 2.3) (layer F.SilkS) (width 0.12))
    (fp_line (start -4.76 7.86) (end 11.925 7.86) (layer F.SilkS) (width 0.12))
    (fp_line (start 11.925 -8.11) (end 11.925 -0.5) (layer F.SilkS) (width 0.12))
    (fp_line (start -4.805 -8.11) (end -4.805 -0.5) (layer F.SilkS) (width 0.12))
    (fp_line (start -4.76 -8.11) (end 11.88 -8.11) (layer F.SilkS) (width 0.12))
    (fp_line (start 11.815 -8) (end 11.815 7.75) (layer F.Fab) (width 0.1))
    (fp_line (start -3.695 -8) (end 11.815 -8) (layer F.Fab) (width 0.1))
    (fp_line (start -4.695 7.75) (end 11.815 7.75) (layer F.Fab) (width 0.1))
    (fp_line (start -4.695 -7) (end -4.695 7.75) (layer F.Fab) (width 0.1))
    (fp_text user %R (at 3.56 -6) (layer F.Fab)
      (effects (font (size 1 1) (thickness 0.15)))
    )
    (pad 1 thru_hole rect (at 0 0) (size 1.5 1.5) (drill 0.89) (layers *.Cu *.Mask)
      (net 140 /interface/TX+))
    (pad 3 thru_hole circle (at 2.032 0) (size 1.5 1.5) (drill 0.89) (layers *.Cu *.Mask)
      (net 139 /interface/RX+))
    (pad 5 thru_hole circle (at 4.064 0) (size 1.5 1.5) (drill 0.89) (layers *.Cu *.Mask)
      (net 187 "Net-(J4-Pad5)"))
    (pad 7 thru_hole circle (at 6.096 0) (size 1.5 1.5) (drill 0.89) (layers *.Cu *.Mask)
      (net 135 /interface/CANL))
    (pad 2 thru_hole circle (at 1.016 1.78) (size 1.5 1.5) (drill 0.89) (layers *.Cu *.Mask)
      (net 138 /interface/TX-))
    (pad 4 thru_hole circle (at 3.048 1.78) (size 1.5 1.5) (drill 0.89) (layers *.Cu *.Mask)
      (net 186 "Net-(J4-Pad4)"))
    (pad 6 thru_hole circle (at 5.08 1.78) (size 1.5 1.5) (drill 0.89) (layers *.Cu *.Mask)
      (net 137 /interface/RX-))
    (pad 8 thru_hole circle (at 7.112 1.78) (size 1.5 1.5) (drill 0.89) (layers *.Cu *.Mask)
      (net 134 /interface/CANH))
    (pad "" np_thru_hole circle (at -2.79 -2.54) (size 3.25 3.25) (drill 3.25) (layers *.Cu *.Mask))
    (pad "" np_thru_hole circle (at 9.91 -2.54) (size 3.25 3.25) (drill 3.25) (layers *.Cu *.Mask))
    (pad SH thru_hole circle (at 11.69 0.89) (size 2.3 2.3) (drill 1.57) (layers *.Cu *.Mask)
      (net 136 "Net-(J4-PadSH)"))
    (pad SH thru_hole circle (at -4.57 0.89) (size 2.3 2.3) (drill 1.57) (layers *.Cu *.Mask)
      (net 136 "Net-(J4-PadSH)"))
    (model ${KISYS3DMOD}/Connector_RJ.3dshapes/RJ45_Amphenol_RJHSE5380.wrl
      (at (xyz 0 0 0))
      (scale (xyz 1 1 1))
      (rotate (xyz 0 0 0))
    )
    (model ${KIPRJMOD}/parts/M-RJHSE-X380-REVT1.STEP
      (offset (xyz 3.5 1.5 2.8))
      (scale (xyz 1 1 1))
      (rotate (xyz -90 0 -180))
    )
  )

  (module Capacitor_SMD:C_0805_2012Metric (layer F.Cu) (tedit 5F68FEEE) (tstamp 6126A36B)
    (at 70.678 138.176 180)
    (descr "Capacitor SMD 0805 (2012 Metric), square (rectangular) end terminal, IPC_7351 nominal, (Body size source: IPC-SM-782 page 76, https://www.pcb-3d.com/wordpress/wp-content/uploads/ipc-sm-782a_amendment_1_and_2.pdf, https://docs.google.com/spreadsheets/d/1BsfQQcO9C6DZCsRaXUlFlo91Tg2WpOkGARC1WS5S8t0/edit?usp=sharing), generated with kicad-footprint-generator")
    (tags capacitor)
    (path /611925BE/61632B08)
    (attr smd)
    (fp_text reference C1 (at 0.828 3.048) (layer F.SilkS)
      (effects (font (size 1 1) (thickness 0.15)))
    )
    (fp_text value 2n7 (at 0 1.68) (layer F.Fab)
      (effects (font (size 1 1) (thickness 0.15)))
    )
    (fp_line (start -1 0.625) (end -1 -0.625) (layer F.Fab) (width 0.1))
    (fp_line (start -1 -0.625) (end 1 -0.625) (layer F.Fab) (width 0.1))
    (fp_line (start 1 -0.625) (end 1 0.625) (layer F.Fab) (width 0.1))
    (fp_line (start 1 0.625) (end -1 0.625) (layer F.Fab) (width 0.1))
    (fp_line (start -0.261252 -0.735) (end 0.261252 -0.735) (layer F.SilkS) (width 0.12))
    (fp_line (start -0.261252 0.735) (end 0.261252 0.735) (layer F.SilkS) (width 0.12))
    (fp_line (start -1.7 0.98) (end -1.7 -0.98) (layer F.CrtYd) (width 0.05))
    (fp_line (start -1.7 -0.98) (end 1.7 -0.98) (layer F.CrtYd) (width 0.05))
    (fp_line (start 1.7 -0.98) (end 1.7 0.98) (layer F.CrtYd) (width 0.05))
    (fp_line (start 1.7 0.98) (end -1.7 0.98) (layer F.CrtYd) (width 0.05))
    (fp_text user %R (at 0 0) (layer F.Fab)
      (effects (font (size 0.5 0.5) (thickness 0.08)))
    )
    (pad 1 smd roundrect (at -0.95 0 180) (size 1 1.45) (layers F.Cu F.Paste F.Mask) (roundrect_rratio 0.25)
      (net 1 "Net-(C1-Pad1)"))
    (pad 2 smd roundrect (at 0.95 0 180) (size 1 1.45) (layers F.Cu F.Paste F.Mask) (roundrect_rratio 0.25)
      (net 2 GND))
    (model ${KISYS3DMOD}/Capacitor_SMD.3dshapes/C_0805_2012Metric.wrl
      (at (xyz 0 0 0))
      (scale (xyz 1 1 1))
      (rotate (xyz 0 0 0))
    )
  )

  (module Capacitor_SMD:C_0805_2012Metric (layer F.Cu) (tedit 5F68FEEE) (tstamp 6126A3A4)
    (at 66.482 138.176)
    (descr "Capacitor SMD 0805 (2012 Metric), square (rectangular) end terminal, IPC_7351 nominal, (Body size source: IPC-SM-782 page 76, https://www.pcb-3d.com/wordpress/wp-content/uploads/ipc-sm-782a_amendment_1_and_2.pdf, https://docs.google.com/spreadsheets/d/1BsfQQcO9C6DZCsRaXUlFlo91Tg2WpOkGARC1WS5S8t0/edit?usp=sharing), generated with kicad-footprint-generator")
    (tags capacitor)
    (path /611925BE/616B1EA4)
    (attr smd)
    (fp_text reference C2 (at 0.828 -3.048 180) (layer F.SilkS)
      (effects (font (size 1 1) (thickness 0.15)))
    )
    (fp_text value 2n7 (at 0 1.68) (layer F.Fab)
      (effects (font (size 1 1) (thickness 0.15)))
    )
    (fp_line (start -1 0.625) (end -1 -0.625) (layer F.Fab) (width 0.1))
    (fp_line (start -1 -0.625) (end 1 -0.625) (layer F.Fab) (width 0.1))
    (fp_line (start 1 -0.625) (end 1 0.625) (layer F.Fab) (width 0.1))
    (fp_line (start 1 0.625) (end -1 0.625) (layer F.Fab) (width 0.1))
    (fp_line (start -0.261252 -0.735) (end 0.261252 -0.735) (layer F.SilkS) (width 0.12))
    (fp_line (start -0.261252 0.735) (end 0.261252 0.735) (layer F.SilkS) (width 0.12))
    (fp_line (start -1.7 0.98) (end -1.7 -0.98) (layer F.CrtYd) (width 0.05))
    (fp_line (start -1.7 -0.98) (end 1.7 -0.98) (layer F.CrtYd) (width 0.05))
    (fp_line (start 1.7 -0.98) (end 1.7 0.98) (layer F.CrtYd) (width 0.05))
    (fp_line (start 1.7 0.98) (end -1.7 0.98) (layer F.CrtYd) (width 0.05))
    (fp_text user %R (at 0 0) (layer F.Fab)
      (effects (font (size 0.5 0.5) (thickness 0.08)))
    )
    (pad 1 smd roundrect (at -0.95 0) (size 1 1.45) (layers F.Cu F.Paste F.Mask) (roundrect_rratio 0.25)
      (net 3 "Net-(C2-Pad1)"))
    (pad 2 smd roundrect (at 0.95 0) (size 1 1.45) (layers F.Cu F.Paste F.Mask) (roundrect_rratio 0.25)
      (net 2 GND))
    (model ${KISYS3DMOD}/Capacitor_SMD.3dshapes/C_0805_2012Metric.wrl
      (at (xyz 0 0 0))
      (scale (xyz 1 1 1))
      (rotate (xyz 0 0 0))
    )
  )

  (module Capacitor_SMD:C_0805_2012Metric (layer F.Cu) (tedit 5F68FEEE) (tstamp 61269F6F)
    (at 69.596 140.97 90)
    (descr "Capacitor SMD 0805 (2012 Metric), square (rectangular) end terminal, IPC_7351 nominal, (Body size source: IPC-SM-782 page 76, https://www.pcb-3d.com/wordpress/wp-content/uploads/ipc-sm-782a_amendment_1_and_2.pdf, https://docs.google.com/spreadsheets/d/1BsfQQcO9C6DZCsRaXUlFlo91Tg2WpOkGARC1WS5S8t0/edit?usp=sharing), generated with kicad-footprint-generator")
    (tags capacitor)
    (path /611925BE/61632B02)
    (attr smd)
    (fp_text reference C3 (at 4.572 0.254 180) (layer F.SilkS)
      (effects (font (size 1 1) (thickness 0.15)))
    )
    (fp_text value 33p (at 0 1.68 90) (layer F.Fab)
      (effects (font (size 1 1) (thickness 0.15)))
    )
    (fp_line (start -1 0.625) (end -1 -0.625) (layer F.Fab) (width 0.1))
    (fp_line (start -1 -0.625) (end 1 -0.625) (layer F.Fab) (width 0.1))
    (fp_line (start 1 -0.625) (end 1 0.625) (layer F.Fab) (width 0.1))
    (fp_line (start 1 0.625) (end -1 0.625) (layer F.Fab) (width 0.1))
    (fp_line (start -0.261252 -0.735) (end 0.261252 -0.735) (layer F.SilkS) (width 0.12))
    (fp_line (start -0.261252 0.735) (end 0.261252 0.735) (layer F.SilkS) (width 0.12))
    (fp_line (start -1.7 0.98) (end -1.7 -0.98) (layer F.CrtYd) (width 0.05))
    (fp_line (start -1.7 -0.98) (end 1.7 -0.98) (layer F.CrtYd) (width 0.05))
    (fp_line (start 1.7 -0.98) (end 1.7 0.98) (layer F.CrtYd) (width 0.05))
    (fp_line (start 1.7 0.98) (end -1.7 0.98) (layer F.CrtYd) (width 0.05))
    (fp_text user %R (at 0 0 90) (layer F.Fab)
      (effects (font (size 0.5 0.5) (thickness 0.08)))
    )
    (pad 1 smd roundrect (at -0.95 0 90) (size 1 1.45) (layers F.Cu F.Paste F.Mask) (roundrect_rratio 0.25)
      (net 168 /power/COMP1))
    (pad 2 smd roundrect (at 0.95 0 90) (size 1 1.45) (layers F.Cu F.Paste F.Mask) (roundrect_rratio 0.25)
      (net 2 GND))
    (model ${KISYS3DMOD}/Capacitor_SMD.3dshapes/C_0805_2012Metric.wrl
      (at (xyz 0 0 0))
      (scale (xyz 1 1 1))
      (rotate (xyz 0 0 0))
    )
  )

  (module Capacitor_SMD:C_0805_2012Metric (layer F.Cu) (tedit 5F68FEEE) (tstamp 61269EFA)
    (at 67.564 140.97 90)
    (descr "Capacitor SMD 0805 (2012 Metric), square (rectangular) end terminal, IPC_7351 nominal, (Body size source: IPC-SM-782 page 76, https://www.pcb-3d.com/wordpress/wp-content/uploads/ipc-sm-782a_amendment_1_and_2.pdf, https://docs.google.com/spreadsheets/d/1BsfQQcO9C6DZCsRaXUlFlo91Tg2WpOkGARC1WS5S8t0/edit?usp=sharing), generated with kicad-footprint-generator")
    (tags capacitor)
    (path /611925BE/616B1E9E)
    (attr smd)
    (fp_text reference C4 (at 4.572 -0.254 180) (layer F.SilkS)
      (effects (font (size 1 1) (thickness 0.15)))
    )
    (fp_text value 22p (at 0 1.68 90) (layer F.Fab)
      (effects (font (size 1 1) (thickness 0.15)))
    )
    (fp_line (start 1.7 0.98) (end -1.7 0.98) (layer F.CrtYd) (width 0.05))
    (fp_line (start 1.7 -0.98) (end 1.7 0.98) (layer F.CrtYd) (width 0.05))
    (fp_line (start -1.7 -0.98) (end 1.7 -0.98) (layer F.CrtYd) (width 0.05))
    (fp_line (start -1.7 0.98) (end -1.7 -0.98) (layer F.CrtYd) (width 0.05))
    (fp_line (start -0.261252 0.735) (end 0.261252 0.735) (layer F.SilkS) (width 0.12))
    (fp_line (start -0.261252 -0.735) (end 0.261252 -0.735) (layer F.SilkS) (width 0.12))
    (fp_line (start 1 0.625) (end -1 0.625) (layer F.Fab) (width 0.1))
    (fp_line (start 1 -0.625) (end 1 0.625) (layer F.Fab) (width 0.1))
    (fp_line (start -1 -0.625) (end 1 -0.625) (layer F.Fab) (width 0.1))
    (fp_line (start -1 0.625) (end -1 -0.625) (layer F.Fab) (width 0.1))
    (fp_text user %R (at 0 0 90) (layer F.Fab)
      (effects (font (size 0.5 0.5) (thickness 0.08)))
    )
    (pad 2 smd roundrect (at 0.95 0 90) (size 1 1.45) (layers F.Cu F.Paste F.Mask) (roundrect_rratio 0.25)
      (net 2 GND))
    (pad 1 smd roundrect (at -0.95 0 90) (size 1 1.45) (layers F.Cu F.Paste F.Mask) (roundrect_rratio 0.25)
      (net 169 /power/COMP2))
    (model ${KISYS3DMOD}/Capacitor_SMD.3dshapes/C_0805_2012Metric.wrl
      (at (xyz 0 0 0))
      (scale (xyz 1 1 1))
      (rotate (xyz 0 0 0))
    )
  )

  (module Capacitor_SMD:C_0805_2012Metric (layer F.Cu) (tedit 5F68FEEE) (tstamp 6126A467)
    (at 63.566 148.844 180)
    (descr "Capacitor SMD 0805 (2012 Metric), square (rectangular) end terminal, IPC_7351 nominal, (Body size source: IPC-SM-782 page 76, https://www.pcb-3d.com/wordpress/wp-content/uploads/ipc-sm-782a_amendment_1_and_2.pdf, https://docs.google.com/spreadsheets/d/1BsfQQcO9C6DZCsRaXUlFlo91Tg2WpOkGARC1WS5S8t0/edit?usp=sharing), generated with kicad-footprint-generator")
    (tags capacitor)
    (path /611925BE/6143CEB2)
    (attr smd)
    (fp_text reference C5 (at 3.368 6.35) (layer F.SilkS)
      (effects (font (size 1 1) (thickness 0.15)))
    )
    (fp_text value 2u2 (at 0 1.68) (layer F.Fab)
      (effects (font (size 1 1) (thickness 0.15)))
    )
    (fp_line (start -1 0.625) (end -1 -0.625) (layer F.Fab) (width 0.1))
    (fp_line (start -1 -0.625) (end 1 -0.625) (layer F.Fab) (width 0.1))
    (fp_line (start 1 -0.625) (end 1 0.625) (layer F.Fab) (width 0.1))
    (fp_line (start 1 0.625) (end -1 0.625) (layer F.Fab) (width 0.1))
    (fp_line (start -0.261252 -0.735) (end 0.261252 -0.735) (layer F.SilkS) (width 0.12))
    (fp_line (start -0.261252 0.735) (end 0.261252 0.735) (layer F.SilkS) (width 0.12))
    (fp_line (start -1.7 0.98) (end -1.7 -0.98) (layer F.CrtYd) (width 0.05))
    (fp_line (start -1.7 -0.98) (end 1.7 -0.98) (layer F.CrtYd) (width 0.05))
    (fp_line (start 1.7 -0.98) (end 1.7 0.98) (layer F.CrtYd) (width 0.05))
    (fp_line (start 1.7 0.98) (end -1.7 0.98) (layer F.CrtYd) (width 0.05))
    (fp_text user %R (at 0 0) (layer F.Fab)
      (effects (font (size 0.5 0.5) (thickness 0.08)))
    )
    (pad 1 smd roundrect (at -0.95 0 180) (size 1 1.45) (layers F.Cu F.Paste F.Mask) (roundrect_rratio 0.25)
      (net 4 +24V))
    (pad 2 smd roundrect (at 0.95 0 180) (size 1 1.45) (layers F.Cu F.Paste F.Mask) (roundrect_rratio 0.25)
      (net 2 GND))
    (model ${KISYS3DMOD}/Capacitor_SMD.3dshapes/C_0805_2012Metric.wrl
      (at (xyz 0 0 0))
      (scale (xyz 1 1 1))
      (rotate (xyz 0 0 0))
    )
  )

  (module Capacitor_SMD:C_0805_2012Metric (layer F.Cu) (tedit 5F68FEEE) (tstamp 61269FC3)
    (at 73.594 148.844)
    (descr "Capacitor SMD 0805 (2012 Metric), square (rectangular) end terminal, IPC_7351 nominal, (Body size source: IPC-SM-782 page 76, https://www.pcb-3d.com/wordpress/wp-content/uploads/ipc-sm-782a_amendment_1_and_2.pdf, https://docs.google.com/spreadsheets/d/1BsfQQcO9C6DZCsRaXUlFlo91Tg2WpOkGARC1WS5S8t0/edit?usp=sharing), generated with kicad-footprint-generator")
    (tags capacitor)
    (path /611925BE/6143CEAC)
    (attr smd)
    (fp_text reference C6 (at 3.368 -6.35) (layer F.SilkS)
      (effects (font (size 1 1) (thickness 0.15)))
    )
    (fp_text value 2u2 (at 0 1.68) (layer F.Fab)
      (effects (font (size 1 1) (thickness 0.15)))
    )
    (fp_line (start 1.7 0.98) (end -1.7 0.98) (layer F.CrtYd) (width 0.05))
    (fp_line (start 1.7 -0.98) (end 1.7 0.98) (layer F.CrtYd) (width 0.05))
    (fp_line (start -1.7 -0.98) (end 1.7 -0.98) (layer F.CrtYd) (width 0.05))
    (fp_line (start -1.7 0.98) (end -1.7 -0.98) (layer F.CrtYd) (width 0.05))
    (fp_line (start -0.261252 0.735) (end 0.261252 0.735) (layer F.SilkS) (width 0.12))
    (fp_line (start -0.261252 -0.735) (end 0.261252 -0.735) (layer F.SilkS) (width 0.12))
    (fp_line (start 1 0.625) (end -1 0.625) (layer F.Fab) (width 0.1))
    (fp_line (start 1 -0.625) (end 1 0.625) (layer F.Fab) (width 0.1))
    (fp_line (start -1 -0.625) (end 1 -0.625) (layer F.Fab) (width 0.1))
    (fp_line (start -1 0.625) (end -1 -0.625) (layer F.Fab) (width 0.1))
    (fp_text user %R (at 0 0) (layer F.Fab)
      (effects (font (size 0.5 0.5) (thickness 0.08)))
    )
    (pad 2 smd roundrect (at 0.95 0) (size 1 1.45) (layers F.Cu F.Paste F.Mask) (roundrect_rratio 0.25)
      (net 2 GND))
    (pad 1 smd roundrect (at -0.95 0) (size 1 1.45) (layers F.Cu F.Paste F.Mask) (roundrect_rratio 0.25)
      (net 4 +24V))
    (model ${KISYS3DMOD}/Capacitor_SMD.3dshapes/C_0805_2012Metric.wrl
      (at (xyz 0 0 0))
      (scale (xyz 1 1 1))
      (rotate (xyz 0 0 0))
    )
  )

  (module Capacitor_SMD:C_0805_2012Metric (layer F.Cu) (tedit 5F68FEEE) (tstamp 61234772)
    (at 179.203001 83.701001)
    (descr "Capacitor SMD 0805 (2012 Metric), square (rectangular) end terminal, IPC_7351 nominal, (Body size source: IPC-SM-782 page 76, https://www.pcb-3d.com/wordpress/wp-content/uploads/ipc-sm-782a_amendment_1_and_2.pdf, https://docs.google.com/spreadsheets/d/1BsfQQcO9C6DZCsRaXUlFlo91Tg2WpOkGARC1WS5S8t0/edit?usp=sharing), generated with kicad-footprint-generator")
    (tags capacitor)
    (path /6119258E/611C3A12)
    (attr smd)
    (fp_text reference C7 (at 0 -1.68) (layer F.SilkS)
      (effects (font (size 1 1) (thickness 0.15)))
    )
    (fp_text value 100n (at 0 1.68) (layer F.Fab)
      (effects (font (size 1 1) (thickness 0.15)))
    )
    (fp_line (start 1.7 0.98) (end -1.7 0.98) (layer F.CrtYd) (width 0.05))
    (fp_line (start 1.7 -0.98) (end 1.7 0.98) (layer F.CrtYd) (width 0.05))
    (fp_line (start -1.7 -0.98) (end 1.7 -0.98) (layer F.CrtYd) (width 0.05))
    (fp_line (start -1.7 0.98) (end -1.7 -0.98) (layer F.CrtYd) (width 0.05))
    (fp_line (start -0.261252 0.735) (end 0.261252 0.735) (layer F.SilkS) (width 0.12))
    (fp_line (start -0.261252 -0.735) (end 0.261252 -0.735) (layer F.SilkS) (width 0.12))
    (fp_line (start 1 0.625) (end -1 0.625) (layer F.Fab) (width 0.1))
    (fp_line (start 1 -0.625) (end 1 0.625) (layer F.Fab) (width 0.1))
    (fp_line (start -1 -0.625) (end 1 -0.625) (layer F.Fab) (width 0.1))
    (fp_line (start -1 0.625) (end -1 -0.625) (layer F.Fab) (width 0.1))
    (fp_text user %R (at 0 0) (layer F.Fab)
      (effects (font (size 0.5 0.5) (thickness 0.08)))
    )
    (pad 2 smd roundrect (at 0.95 0) (size 1 1.45) (layers F.Cu F.Paste F.Mask) (roundrect_rratio 0.25)
      (net 2 GND))
    (pad 1 smd roundrect (at -0.95 0) (size 1 1.45) (layers F.Cu F.Paste F.Mask) (roundrect_rratio 0.25)
      (net 5 +3V3))
    (model ${KISYS3DMOD}/Capacitor_SMD.3dshapes/C_0805_2012Metric.wrl
      (at (xyz 0 0 0))
      (scale (xyz 1 1 1))
      (rotate (xyz 0 0 0))
    )
  )

  (module Capacitor_SMD:C_0805_2012Metric (layer F.Cu) (tedit 5F68FEEE) (tstamp 61234783)
    (at 193.303001 67.101001)
    (descr "Capacitor SMD 0805 (2012 Metric), square (rectangular) end terminal, IPC_7351 nominal, (Body size source: IPC-SM-782 page 76, https://www.pcb-3d.com/wordpress/wp-content/uploads/ipc-sm-782a_amendment_1_and_2.pdf, https://docs.google.com/spreadsheets/d/1BsfQQcO9C6DZCsRaXUlFlo91Tg2WpOkGARC1WS5S8t0/edit?usp=sharing), generated with kicad-footprint-generator")
    (tags capacitor)
    (path /6119258E/611DA83B)
    (attr smd)
    (fp_text reference C8 (at 0 -1.68) (layer F.SilkS)
      (effects (font (size 1 1) (thickness 0.15)))
    )
    (fp_text value 1u (at 0 1.68) (layer F.Fab)
      (effects (font (size 1 1) (thickness 0.15)))
    )
    (fp_line (start 1.7 0.98) (end -1.7 0.98) (layer F.CrtYd) (width 0.05))
    (fp_line (start 1.7 -0.98) (end 1.7 0.98) (layer F.CrtYd) (width 0.05))
    (fp_line (start -1.7 -0.98) (end 1.7 -0.98) (layer F.CrtYd) (width 0.05))
    (fp_line (start -1.7 0.98) (end -1.7 -0.98) (layer F.CrtYd) (width 0.05))
    (fp_line (start -0.261252 0.735) (end 0.261252 0.735) (layer F.SilkS) (width 0.12))
    (fp_line (start -0.261252 -0.735) (end 0.261252 -0.735) (layer F.SilkS) (width 0.12))
    (fp_line (start 1 0.625) (end -1 0.625) (layer F.Fab) (width 0.1))
    (fp_line (start 1 -0.625) (end 1 0.625) (layer F.Fab) (width 0.1))
    (fp_line (start -1 -0.625) (end 1 -0.625) (layer F.Fab) (width 0.1))
    (fp_line (start -1 0.625) (end -1 -0.625) (layer F.Fab) (width 0.1))
    (fp_text user %R (at 0 0) (layer F.Fab)
      (effects (font (size 0.5 0.5) (thickness 0.08)))
    )
    (pad 2 smd roundrect (at 0.95 0) (size 1 1.45) (layers F.Cu F.Paste F.Mask) (roundrect_rratio 0.25)
      (net 2 GND))
    (pad 1 smd roundrect (at -0.95 0) (size 1 1.45) (layers F.Cu F.Paste F.Mask) (roundrect_rratio 0.25)
      (net 6 "Net-(C11-Pad1)"))
    (model ${KISYS3DMOD}/Capacitor_SMD.3dshapes/C_0805_2012Metric.wrl
      (at (xyz 0 0 0))
      (scale (xyz 1 1 1))
      (rotate (xyz 0 0 0))
    )
  )

  (module Capacitor_SMD:C_0805_2012Metric (layer F.Cu) (tedit 5F68FEEE) (tstamp 61234794)
    (at 192.024 113.284 180)
    (descr "Capacitor SMD 0805 (2012 Metric), square (rectangular) end terminal, IPC_7351 nominal, (Body size source: IPC-SM-782 page 76, https://www.pcb-3d.com/wordpress/wp-content/uploads/ipc-sm-782a_amendment_1_and_2.pdf, https://docs.google.com/spreadsheets/d/1BsfQQcO9C6DZCsRaXUlFlo91Tg2WpOkGARC1WS5S8t0/edit?usp=sharing), generated with kicad-footprint-generator")
    (tags capacitor)
    (path /6119258E/6121405B)
    (attr smd)
    (fp_text reference C9 (at 2.794 0) (layer F.SilkS)
      (effects (font (size 1 1) (thickness 0.15)))
    )
    (fp_text value TBD (at 0 1.68) (layer F.Fab)
      (effects (font (size 1 1) (thickness 0.15)))
    )
    (fp_line (start 1.7 0.98) (end -1.7 0.98) (layer F.CrtYd) (width 0.05))
    (fp_line (start 1.7 -0.98) (end 1.7 0.98) (layer F.CrtYd) (width 0.05))
    (fp_line (start -1.7 -0.98) (end 1.7 -0.98) (layer F.CrtYd) (width 0.05))
    (fp_line (start -1.7 0.98) (end -1.7 -0.98) (layer F.CrtYd) (width 0.05))
    (fp_line (start -0.261252 0.735) (end 0.261252 0.735) (layer F.SilkS) (width 0.12))
    (fp_line (start -0.261252 -0.735) (end 0.261252 -0.735) (layer F.SilkS) (width 0.12))
    (fp_line (start 1 0.625) (end -1 0.625) (layer F.Fab) (width 0.1))
    (fp_line (start 1 -0.625) (end 1 0.625) (layer F.Fab) (width 0.1))
    (fp_line (start -1 -0.625) (end 1 -0.625) (layer F.Fab) (width 0.1))
    (fp_line (start -1 0.625) (end -1 -0.625) (layer F.Fab) (width 0.1))
    (fp_text user %R (at 0 0) (layer F.Fab)
      (effects (font (size 0.5 0.5) (thickness 0.08)))
    )
    (pad 2 smd roundrect (at 0.95 0 180) (size 1 1.45) (layers F.Cu F.Paste F.Mask) (roundrect_rratio 0.25)
      (net 2 GND))
    (pad 1 smd roundrect (at -0.95 0 180) (size 1 1.45) (layers F.Cu F.Paste F.Mask) (roundrect_rratio 0.25)
      (net 7 /mcu/OscIn))
    (model ${KISYS3DMOD}/Capacitor_SMD.3dshapes/C_0805_2012Metric.wrl
      (at (xyz 0 0 0))
      (scale (xyz 1 1 1))
      (rotate (xyz 0 0 0))
    )
  )

  (module Capacitor_SMD:C_0805_2012Metric (layer F.Cu) (tedit 5F68FEEE) (tstamp 612347A5)
    (at 185.853001 78.051001)
    (descr "Capacitor SMD 0805 (2012 Metric), square (rectangular) end terminal, IPC_7351 nominal, (Body size source: IPC-SM-782 page 76, https://www.pcb-3d.com/wordpress/wp-content/uploads/ipc-sm-782a_amendment_1_and_2.pdf, https://docs.google.com/spreadsheets/d/1BsfQQcO9C6DZCsRaXUlFlo91Tg2WpOkGARC1WS5S8t0/edit?usp=sharing), generated with kicad-footprint-generator")
    (tags capacitor)
    (path /6119258E/611C3B82)
    (attr smd)
    (fp_text reference C10 (at 0 -1.68) (layer F.SilkS)
      (effects (font (size 1 1) (thickness 0.15)))
    )
    (fp_text value 100n (at 0 1.68) (layer F.Fab)
      (effects (font (size 1 1) (thickness 0.15)))
    )
    (fp_line (start -1 0.625) (end -1 -0.625) (layer F.Fab) (width 0.1))
    (fp_line (start -1 -0.625) (end 1 -0.625) (layer F.Fab) (width 0.1))
    (fp_line (start 1 -0.625) (end 1 0.625) (layer F.Fab) (width 0.1))
    (fp_line (start 1 0.625) (end -1 0.625) (layer F.Fab) (width 0.1))
    (fp_line (start -0.261252 -0.735) (end 0.261252 -0.735) (layer F.SilkS) (width 0.12))
    (fp_line (start -0.261252 0.735) (end 0.261252 0.735) (layer F.SilkS) (width 0.12))
    (fp_line (start -1.7 0.98) (end -1.7 -0.98) (layer F.CrtYd) (width 0.05))
    (fp_line (start -1.7 -0.98) (end 1.7 -0.98) (layer F.CrtYd) (width 0.05))
    (fp_line (start 1.7 -0.98) (end 1.7 0.98) (layer F.CrtYd) (width 0.05))
    (fp_line (start 1.7 0.98) (end -1.7 0.98) (layer F.CrtYd) (width 0.05))
    (fp_text user %R (at 0 0) (layer F.Fab)
      (effects (font (size 0.5 0.5) (thickness 0.08)))
    )
    (pad 1 smd roundrect (at -0.95 0) (size 1 1.45) (layers F.Cu F.Paste F.Mask) (roundrect_rratio 0.25)
      (net 5 +3V3))
    (pad 2 smd roundrect (at 0.95 0) (size 1 1.45) (layers F.Cu F.Paste F.Mask) (roundrect_rratio 0.25)
      (net 2 GND))
    (model ${KISYS3DMOD}/Capacitor_SMD.3dshapes/C_0805_2012Metric.wrl
      (at (xyz 0 0 0))
      (scale (xyz 1 1 1))
      (rotate (xyz 0 0 0))
    )
  )

  (module Capacitor_SMD:C_0805_2012Metric (layer F.Cu) (tedit 5F68FEEE) (tstamp 612347B6)
    (at 193.303001 70.111001)
    (descr "Capacitor SMD 0805 (2012 Metric), square (rectangular) end terminal, IPC_7351 nominal, (Body size source: IPC-SM-782 page 76, https://www.pcb-3d.com/wordpress/wp-content/uploads/ipc-sm-782a_amendment_1_and_2.pdf, https://docs.google.com/spreadsheets/d/1BsfQQcO9C6DZCsRaXUlFlo91Tg2WpOkGARC1WS5S8t0/edit?usp=sharing), generated with kicad-footprint-generator")
    (tags capacitor)
    (path /6119258E/611DA841)
    (attr smd)
    (fp_text reference C11 (at 0 -1.68) (layer F.SilkS)
      (effects (font (size 1 1) (thickness 0.15)))
    )
    (fp_text value 10n (at 0 1.68) (layer F.Fab)
      (effects (font (size 1 1) (thickness 0.15)))
    )
    (fp_line (start 1.7 0.98) (end -1.7 0.98) (layer F.CrtYd) (width 0.05))
    (fp_line (start 1.7 -0.98) (end 1.7 0.98) (layer F.CrtYd) (width 0.05))
    (fp_line (start -1.7 -0.98) (end 1.7 -0.98) (layer F.CrtYd) (width 0.05))
    (fp_line (start -1.7 0.98) (end -1.7 -0.98) (layer F.CrtYd) (width 0.05))
    (fp_line (start -0.261252 0.735) (end 0.261252 0.735) (layer F.SilkS) (width 0.12))
    (fp_line (start -0.261252 -0.735) (end 0.261252 -0.735) (layer F.SilkS) (width 0.12))
    (fp_line (start 1 0.625) (end -1 0.625) (layer F.Fab) (width 0.1))
    (fp_line (start 1 -0.625) (end 1 0.625) (layer F.Fab) (width 0.1))
    (fp_line (start -1 -0.625) (end 1 -0.625) (layer F.Fab) (width 0.1))
    (fp_line (start -1 0.625) (end -1 -0.625) (layer F.Fab) (width 0.1))
    (fp_text user %R (at 0 0) (layer F.Fab)
      (effects (font (size 0.5 0.5) (thickness 0.08)))
    )
    (pad 2 smd roundrect (at 0.95 0) (size 1 1.45) (layers F.Cu F.Paste F.Mask) (roundrect_rratio 0.25)
      (net 2 GND))
    (pad 1 smd roundrect (at -0.95 0) (size 1 1.45) (layers F.Cu F.Paste F.Mask) (roundrect_rratio 0.25)
      (net 6 "Net-(C11-Pad1)"))
    (model ${KISYS3DMOD}/Capacitor_SMD.3dshapes/C_0805_2012Metric.wrl
      (at (xyz 0 0 0))
      (scale (xyz 1 1 1))
      (rotate (xyz 0 0 0))
    )
  )

  (module Capacitor_SMD:C_0805_2012Metric (layer F.Cu) (tedit 5F68FEEE) (tstamp 612347C7)
    (at 188.214 116.586 90)
